%YAML:1.0
---
camera_matrix: !!opencv-matrix
   rows: 3
   cols: 3
   dt: d
   data: [ 2.5329974569987226e+03, 0., 9.7732366993760513e+02, 0.,
       2.5331437238541234e+03, 5.7935301294150725e+02, 0., 0., 1. ]
distortion_coefficients: !!opencv-matrix
   rows: 5
   cols: 1
   dt: d
   data: [ -4.9174535976583507e-02, 3.1635977243177321e-01,
       1.9152547983886388e-04, 6.9737086587970442e-04,
       -6.2783270237553590e-01 ]
hand_eye_rotation: !!opencv-matrix
   rows: 3
   cols: 3
   dt: d
   data: [ -8.0087407631344032e-03, 7.0487878132619564e-01,
       -7.0928256971921000e-01, -8.7349930311945712e-03,
       -7.0932756906449179e-01, -7.0482487162542984e-01,
       -9.9992977751846834e-01, 5.5081862338757226e-04,
       1.1837931859502993e-02 ]
hand_eye_translation: !!opencv-matrix
   rows: 3
   cols: 1
   dt: d
   data: [ -2.1439450804737655e+02, 2.9127914204146248e+02,
       5.7659278811267768e+02 ]
hand_eye_transform: !!opencv-matrix
   rows: 4
   cols: 4
   dt: d
   data: [ -8.0087407631344032e-03, 7.0487878132619564e-01,
       -7.0928256971921000e-01, -2.1439450804737655e+02,
       -8.7349930311945712e-03, -7.0932756906449179e-01,
       -7.0482487162542984e-01, 2.9127914204146248e+02,
       -9.9992977751846834e-01, 5.5081862338757226e-04,
       1.1837931859502993e-02, 5.7659278811267768e+02, 0., 0., 0., 1. ]
reprojection_error: 7.4030542359187726e-02
num_valid_poses: 8
